5
5 6 6 8 6 5
10 27 25 75 8 54 82 88 76 91 17
20 24 113 133 978 603 244 221 510 234 800 221 244 603 978 133 113 984 181 502 723
50 9705 4786 9903 1511 7522 3600 8581 433  8965 5277   7289 8240 8463 8291 8004 4954 3289 9391 1646 145   3600 2654 3509 9125 6002 5618 5618 6002 9125 3509   2654 3600 145  1646 9391 3289 4954 8004 8291 8463   8240 7289 5277 8965 433  8581 3600 7522 1511 9903
100 29205 75665 35208 44872 9458  5265  9117  72835 88182 55722    10390 45450 62318 13808 8633  58328 21763 98163 80693 3271    94815 72181 58132 65728 30185 8966  25933 28417 61773 19326    38007 84073 87415 72918 77079 82499 35677 99043 65850 83596    14716 36400 65854 18050 5275  89366 8650  76172 49580 25275    62719 67840 12881 60837 9638  84949 93883 39385 30767 39556    90795 66412 41726 60465 14606 45708 95647 56286 88882 24268    6330  27973 62709 46345 63511 7944  87881 21267 21267 87881    7944  63511 46345 62709 27973 6330  24268 88882 56286 95647    45708 14606 60465 41726 66412 90795 39556 30767 48952 98471




#1 1 6
#2 0
#3 6 113 133 978 603 244 221
#4 24 9903 1511 7522 3600 8581 433 8965 5277 7289 8240 8463 8291 8004 4954 3289 9391 1646 145 3600 2654 3509 9125 6002 5618
#5 20 30767 39556 90795 66412 41726 60465 14606 45708 95647 56286 88882 24268 6330 27973 62709 46345 63511 7944 87881 21267





100 29205 75665 35208 44872 9458  5265  9117  72835 88182 55722
    10390 45450 62318 13808 8633  58328 21763 98163 80693 3271
    94815 72181 58132 65728 30185 8966  25933 28417 61773 19326
    38007 84073 87415 72918 77079 82499 35677 99043 65850 83596
    14716 36400 65854 18050 5275  89366 8650  76172 49580 25275
    62719 67840 12881 60837 9638  84949 93883 39385 30767 39556
    90795 66412 41726 60465 14606 45708 95647 56286 88882 24268
    6330  27973 62709 46345 63511 7944  87881 21267 21267 87881
    7944  63511 46345 62709 27973 6330  24268 88882 56286 95647
    45708 14606 60465 41726 66412 90795 39556 30767 48952 98471
 20  59-78  79-98




































































